[[3.07066203 3.16831182 3.26941901 3.38900208 3.50310137]
 [3.06266607 3.15689153 3.25440391 3.36514717 3.49240112]
 [3.04616683 3.13048448 3.23809641 3.36379668 3.47753717]
 [3.034621   3.13599644 3.23721743 3.35666614 3.46711731]
 [3.01881694 3.12151762 3.2268154  3.34428692 3.45667176]
 [3.01060867 3.11760386 3.219125   3.33615789 3.45857488]
 [3.01112227 3.109495   3.21753732 3.33622614 3.45815998]
 [3.00599379 3.10658628 3.21496074 3.33155213 3.46375866]
 [3.00240445 3.10458143 3.21381851 3.33574848 3.46771445]
 [3.00048679 3.10293646 3.21485434 3.33613389 3.47058631]
 [2.99993677 3.10499057 3.2169008  3.34298493 3.47458823]
 [3.00094245 3.11036    3.22152198 3.34977635 3.48183384]
 [3.00512479 3.10922341 3.22981934 3.35829682 3.49009651]
 [3.01177517 3.1195102  3.23342029 3.35995927 3.50547288]
 [3.01207231 3.12094056 3.23838958 3.37587144 3.50552028]
 [3.01672923 3.13212788 3.24269442 3.37205438 3.53237441]
 [3.0194217  3.13654614 3.25451955 3.39035841 3.54254144]
 [3.02889766 3.14713643 3.26907937 3.41615516 3.55697216]
 [3.03204944 3.16166815 3.27678296 3.42614225 3.58007616]
 [3.03205923 3.1696079  3.28947831 3.43860766 3.57865251]]
