[[1.22644663e-03 1.17974995e-03 1.13509575e-03 1.15804945e-03
  1.18189435e-03]
 [1.10864946e-03 1.03743801e-03 1.01894732e-03 1.03764227e-03
  1.15974631e-03]
 [9.58865093e-04 8.63324669e-04 8.56425032e-04 9.72453293e-04
  1.00527129e-03]
 [8.20141627e-04 7.82224500e-04 7.51793498e-04 8.17099842e-04
  9.37669250e-04]
 [6.66685829e-04 6.25015459e-04 6.41477081e-04 7.36923408e-04
  8.97660497e-04]
 [5.40345937e-04 5.13122848e-04 5.53995970e-04 6.73283562e-04
  8.93343792e-04]
 [4.31440699e-04 3.89701066e-04 5.06663246e-04 6.86394835e-04
  9.22555647e-04]
 [2.99549663e-04 3.01798209e-04 4.44488822e-04 6.78372850e-04
  9.32568085e-04]
 [1.78830996e-04 2.34676976e-04 4.69564528e-04 7.23288185e-04
  1.77426624e-03]
 [5.79353560e-05 2.27298052e-04 4.86819817e-04 7.88477261e-04
  1.08498346e-03]
 [6.52187391e-05 2.81132755e-04 5.41696300e-04 9.48877567e-04
  1.24949450e-03]
 [1.66774895e-04 5.01548417e-04 6.34945716e-04 9.59490022e-04
  1.33751565e-03]
 [2.75631011e-04 4.75205056e-04 7.46633209e-04 1.07872173e-03
  1.40012465e-03]
 [3.84017474e-04 5.66745724e-04 8.30793095e-04 1.13914956e-03
  1.51516970e-03]
 [5.05973677e-04 6.60246830e-04 9.56861282e-04 1.27416657e-03
  1.64570778e-03]
 [6.02715731e-04 7.66482340e-04 1.02740671e-03 1.36452286e-03
  1.76163956e-03]
 [7.10296440e-04 8.89005379e-04 1.15042194e-03 1.51109136e-03
  1.91568407e-03]
 [8.27866917e-04 9.76819315e-04 1.26107878e-03 1.65273067e-03
  1.95993719e-03]
 [9.33625133e-04 1.06038726e-03 1.34366032e-03 1.67790873e-03
  2.11499799e-03]
 [1.03999461e-03 1.15976947e-03 1.47696550e-03 1.80622907e-03
  2.20994905e-03]]
